States Affected,No. of Cases (Lab Confirmed),No. of Cases (on admission),No. Discharged,No. of Deaths
Lagos,103784,641,102372,771
FCT,29327,221,28857,249
Rivers,17892,139,17598,155
Kaduna,11547,11,11447,89
Oyo,10330,1,10127,202
Plateau,10320,13,10232,75
Edo,7905,42,7541,322
Ogun,5810,11,5717,82
Delta,5710,428,5170,112
Kano,5324,157,5040,127
Ondo,5173,315,4749,109
Akwa Ibom,4989,38,4907,44
Kwara,4700,461,4175,64
Gombe,3313,8,3239,66
Osun,3311,29,3190,92
Enugu,2952,13,2910,29
Anambra,2825,46,2760,19
Nasarawa,2777,393,2345,39
Imo,2655,7,2590,58
Ekiti,2459,1,2430,28
Katsina,2418,0,2381,37
Abia,2263,10,2219,34
Benue,2129,340,1764,25
Ebonyi,2064,28,2004,32
Bauchi,1990,18,1948,24
Borno,1629,5,1580,44
Taraba,1474,63,1377,34
Bayelsa,1363,10,1325,28
Adamawa,1309,131,1140,38
Niger,1185,167,998,20
Cross River,886,4,857,25
Sokoto,822,0,794,28
Jigawa,669,2,649,18
Yobe,638,4,625,9
Kebbi,480,10,454,16
Zamfara,375,0,366,9
Kogi,5,0,3,2
